0.2394 0.2394 0.2394 0.2394
0.25564 0.25564 0.25564 0.25564
0.26804 0.26804 0.26804 0.26804
0.24523 0.24523 0.24523 0.24523
0.24767 0.24767 0.24767 0.24767
0.2485 0.2485 0.2485 0.2485
0.2534 0.2534 0.2534 0.2534
0.25833 0.25833 0.25833 0.25833
0.26081 0.26081 0.26081 0.26081
0.25661 0.25661 0.25661 0.25661
0.25123 0.25123 0.25123 0.25123
0.24329 0.24329 0.24329 0.24329
0.22491 0.22491 0.22491 0.22491
0.21597 0.21597 0.21597 0.21597
0.19365 0.19365 0.19365 0.19365
0.183 0.183 0.183 0.183
0.2394 0.2394 0.2394 0.2394
0.22339 0.22339 0.22339 0.22339
0.20412 0.20412 0.20412 0.20412
0.22592 0.22592 0.22592 0.22592
0.22354 0.22354 0.22354 0.22354
0.21498 0.21498 0.21498 0.21498
0.21031 0.21031 0.21031 0.21031
0.20567 0.20567 0.20567 0.20567
0.20337 0.20337 0.20337 0.20337
0.19958 0.19958 0.19958 0.19958
0.19468 0.19468 0.19468 0.19468
0.19071 0.19071 0.19071 0.19071
0.16999 0.16999 0.16999 0.16999
0.16475 0.16475 0.16475 0.16475
0.13971 0.13971 0.13971 0.13971
0.13258 0.13258 0.13258 0.13258
